# BRON: KONINKLIJK NEDERLANDS METEOROLOGISCH INSTITUUT (KNMI)
# Opmerking: door stationsverplaatsingen en veranderingen in waarneemmethodieken zijn deze tijdreeksen van dagwaarden mogelijk inhomogeen! Dat betekent dat deze reeks van gemeten waarden niet geschikt is voor trendanalyse. Voor studies naar klimaatverandering verwijzen we naar de gehomogeniseerde reeks maandtemperaturen van De Bilt <http://www.knmi.nl/kennis-en-datacentrum/achtergrond/gehomogeniseerde-reeks-maandtemperaturen-de-bilt> of de Centraal Nederland Temperatuur <http://www.knmi.nl/kennis-en-datacentrum/achtergrond/centraal-nederland-temperatuur-cnt>.
#
#
# STN      LON(east)   LAT(north)     ALT(m)  NAME
# 240:         4.790       52.318      -3.30  SCHIPHOL
#
# YYYYMMDD = Datum (YYYY=jaar MM=maand DD=dag);
# FXX      = Hoogste windstoot (in 0.1 m/s);
#
# STN,YYYYMMDD,  FXX
#
  240,20080421,  140
  240,20080422,  120
  240,20080423,  100
  240,20080424,  150
  240,20080425,  100
  240,20080426,   90
  240,20080427,  110
  240,20080428,   90
  240,20080429,  130
  240,20080430,  170
  240,20080501,  150
  240,20080502,  110
  240,20080503,   80
  240,20080504,  100
  240,20080505,  120
  240,20080506,  100
  240,20080507,   80
  240,20080508,  110
  240,20080509,  100
  240,20080510,   80
  240,20080511,   90
  240,20080512,  110
  240,20080513,  120
  240,20080514,   90
  240,20080515,  120
  240,20080516,   90
  240,20080517,  130
  240,20080518,  100
  240,20080519,  110
  240,20080520,  120
  240,20080521,  110
  240,20080522,   70
  240,20080523,  110
  240,20080524,  150
  240,20080525,  120
  240,20080526,  170
  240,20080527,  110
  240,20080528,  150
  240,20080529,  110
  240,20080530,  130
  240,20080531,   90
  240,20080601,   70
  240,20080602,  110
  240,20080603,   90
  240,20080604,   70
  240,20080605,   80
  240,20080606,   80
  240,20080607,   70
  240,20080608,   80
  240,20080609,   90
  240,20080610,  110
  240,20080611,  120
  240,20080612,  110
  240,20080613,  130
  240,20080614,  100
  240,20080615,  120
  240,20080616,  100
  240,20080617,  130
  240,20080618,  140
  240,20080619,  170
  240,20080620,  130
  240,20080621,   80
  240,20080622,  210
  240,20080623,  160
  240,20080624,  100
  240,20080625,  150
  240,20080626,  150
  240,20080627,  160
  240,20080628,  140
  240,20080629,  160
  240,20080630,  110
  240,20080701,   90
  240,20080702,   90
  240,20080703,  110
  240,20080704,  110
  240,20080705,  110
  240,20080706,  170
  240,20080707,  170
  240,20080708,  170
  240,20080709,  120
  240,20080710,  100
  240,20080711,  150
  240,20080712,  140
  240,20080713,  110
  240,20080714,  130
  240,20080715,  140
  240,20080716,  120
  240,20080717,  100
  240,20080718,  120
  240,20080719,  160
  240,20080720,  140
  240,20080721,  170
  240,20080722,   90
  240,20080723,   60
  240,20080724,  100
  240,20080725,  100
  240,20080726,  100
  240,20080727,   70
  240,20080728,   80
  240,20080729,  100
  240,20080730,   80
  240,20080731,  130
  240,20080801,  130
  240,20080802,  130
  240,20080803,  140
  240,20080804,  130
  240,20080805,  100
  240,20080806,   80
  240,20080807,  110
  240,20080808,  130
  240,20080809,  130
  240,20080810,  180
  240,20080811,  110
  240,20080812,  190
  240,20080813,  250
  240,20080814,  160
  240,20080815,   90
  240,20080816,   70
  240,20080817,  110
  240,20080818,  110
  240,20080819,  160
  240,20080820,  140
  240,20080821,  130
  240,20080822,   80
  240,20080823,  110
  240,20080824,  100
  240,20080825,  130
  240,20080826,  110
  240,20080827,  110
  240,20080828,  100
  240,20080829,   70
  240,20080830,   90
  240,20080831,  100
  240,20080901,  150
  240,20080902,  150
  240,20080903,  130
  240,20080904,  170
  240,20080905,  110
  240,20080906,  140
  240,20080907,  130
  240,20080908,  120
  240,20080909,  120
  240,20080910,  110
  240,20080911,  100
  240,20080912,  120
  240,20080913,  100
  240,20080914,  110
  240,20080915,  120
  240,20080916,   80
  240,20080917,   60
  240,20080918,   90
  240,20080919,   70
  240,20080920,   70
  240,20080921,   80
  240,20080922,   80
  240,20080923,  110
  240,20080924,  100
  240,20080925,  100
  240,20080926,   70
  240,20080927,   50
  240,20080928,   90
  240,20080929,  110
  240,20080930,  170
  240,20081001,  210
  240,20081002,  170
  240,20081003,  130
  240,20081004,  200
  240,20081005,  180
  240,20081006,   80
  240,20081007,  110
  240,20081008,   90
  240,20081009,   50
  240,20081010,   90
  240,20081011,   80
  240,20081012,   60
  240,20081013,  130
  240,20081014,   80
  240,20081015,  150
  240,20081016,  150
  240,20081017,  100
  240,20081018,  110
  240,20081019,  120
  240,20081020,  140
  240,20081021,  130
  240,20081022,  110
  240,20081023,  130
  240,20081024,  110
  240,20081025,  120
  240,20081026,  160
  240,20081027,  120
  240,20081028,  100
  240,20081029,   50
  240,20081030,  100
  240,20081031,   70
  240,20081101,  120
  240,20081102,   80
  240,20081103,  120
  240,20081104,   60
  240,20081105,  120
  240,20081106,   60
  240,20081107,  100
  240,20081108,  140
  240,20081109,  170
  240,20081110,  250
  240,20081111,  180
  240,20081112,  120
  240,20081113,   90
  240,20081114,  110
  240,20081115,  130
  240,20081116,  130
  240,20081117,  110
  240,20081118,  120
  240,20081119,  130
  240,20081120,  180
  240,20081121,  290
  240,20081122,  210
  240,20081123,  130
  240,20081124,  190
  240,20081125,  120
  240,20081126,  100
  240,20081127,  130
  240,20081128,  130
  240,20081129,   50
  240,20081130,   80
  240,20081201,   70
  240,20081202,  110
  240,20081203,  100
  240,20081204,  140
  240,20081205,   80
  240,20081206,  120
  240,20081207,   80
  240,20081208,  100
  240,20081209,   90
  240,20081210,   90
  240,20081211,  110
  240,20081212,  120
  240,20081213,  150
  240,20081214,  110
  240,20081215,  120
  240,20081216,   90
  240,20081217,   70
  240,20081218,  120
  240,20081219,  150
  240,20081220,  170
  240,20081221,  140
  240,20081222,  150
  240,20081223,   70
  240,20081224,   90
  240,20081225,  120
  240,20081226,  100
  240,20081227,  100
  240,20081228,   90
  240,20081229,   70
  240,20081230,   40
  240,20081231,   60
  240,20090101,   50
  240,20090102,  110
  240,20090103,   80
  240,20090104,  130
  240,20090105,  140
  240,20090106,   80
  240,20090107,   70
  240,20090108,   50
  240,20090109,   40
  240,20090110,   70
  240,20090111,  110
  240,20090112,  140
  240,20090113,  130
  240,20090114,   80
  240,20090115,  100
  240,20090116,  100
  240,20090117,  150
  240,20090118,  170
  240,20090119,  220
  240,20090120,  110
  240,20090121,  100
  240,20090122,  170
  240,20090123,  190
  240,20090124,   90
  240,20090125,  140
  240,20090126,   80
  240,20090127,   60
  240,20090128,   70
  240,20090129,   60
  240,20090130,   90
  240,20090131,  150
  240,20090201,  160
  240,20090202,  150
  240,20090203,   80
  240,20090204,   40
  240,20090205,   80
  240,20090206,   90
  240,20090207,   90
  240,20090208,  100
  240,20090209,  120
  240,20090210,  170
  240,20090211,  150
  240,20090212,  110
  240,20090213,  100
  240,20090214,   60
  240,20090215,  110
  240,20090216,  120
  240,20090217,  120
  240,20090218,   60
  240,20090219,   80
  240,20090220,  110
  240,20090221,  100
  240,20090222,  110
  240,20090223,  120
  240,20090224,   80
  240,20090225,  130
  240,20090226,  140
  240,20090227,  110
  240,20090228,   70
  240,20090301,   90
  240,20090302,   90
  240,20090303,  140
  240,20090304,  160
  240,20090305,  110
  240,20090306,  140
  240,20090307,  120
  240,20090308,  220
  240,20090309,  180
  240,20090310,  110
  240,20090311,   90
  240,20090312,  150
  240,20090313,   80
  240,20090314,  110
  240,20090315,  120
  240,20090316,   70
  240,20090317,   90
  240,20090318,   50
  240,20090319,  100
  240,20090320,   90
  240,20090321,   90
  240,20090322,  140
  240,20090323,  210
  240,20090324,  210
  240,20090325,  160
  240,20090326,  200
  240,20090327,  170
  240,20090328,  110
  240,20090329,  100
  240,20090330,   80
  240,20090331,   80
  240,20090401,  120
  240,20090402,  130
  240,20090403,   80
  240,20090404,  140
  240,20090405,   70
  240,20090406,   80
  240,20090407,  120
  240,20090408,  160
  240,20090409,   80
  240,20090410,  130
  240,20090411,  100
  240,20090412,  110
  240,20090413,   70
  240,20090414,   80
  240,20090415,  100
  240,20090416,   90
  240,20090417,  130
  240,20090418,  140
  240,20090419,   90
  240,20090420,  110
  240,20090421,   90
  240,20090422,  110
  240,20090423,   60
  240,20090424,  120
  240,20090425,  120
  240,20090426,   70
  240,20090427,  170
  240,20090428,   60
  240,20090429,   60
  240,20090430,   80
  240,20090501,   90
  240,20090502,   90
  240,20090503,  130
  240,20090504,  120
  240,20090505,  160
  240,20090506,  150
  240,20090507,  150
  240,20090508,  210
  240,20090509,   90
  240,20090510,  120
  240,20090511,  160
  240,20090512,  160
  240,20090513,  130
  240,20090514,  110
  240,20090515,  110
  240,20090516,  130
  240,20090517,  130
  240,20090518,  130
  240,20090519,  110
  240,20090520,   90
  240,20090521,  110
  240,20090522,  120
  240,20090523,   70
  240,20090524,   80
  240,20090525,  190
  240,20090526,  290
  240,20090527,  160
  240,20090528,  130
  240,20090529,  110
  240,20090530,  120
  240,20090531,  120
  240,20090601,  130
  240,20090602,  110
  240,20090603,  120
  240,20090604,  130
  240,20090605,   80
  240,20090606,  120
  240,20090607,   90
  240,20090608,   90
  240,20090609,  160
  240,20090610,  100
  240,20090611,  110
  240,20090612,  120
  240,20090613,  100
  240,20090614,   90
  240,20090615,   90
  240,20090616,  120
  240,20090617,  120
  240,20090618,  150
  240,20090619,  150
  240,20090620,  120
  240,20090621,  120
  240,20090622,   90
  240,20090623,  110
  240,20090624,  130
  240,20090625,  110
  240,20090626,  100
  240,20090627,   60
  240,20090628,   70
  240,20090629,   90
  240,20090630,   90
  240,20090701,  110
  240,20090702,  100
  240,20090703,  140
  240,20090704,   80
  240,20090705,   90
  240,20090706,  150
  240,20090707,  150
  240,20090708,  170
  240,20090709,  120
  240,20090710,  160
  240,20090711,  110
  240,20090712,  120
  240,20090713,  100
  240,20090714,   80
  240,20090715,  150
  240,20090716,  100
  240,20090717,  140
  240,20090718,  170
  240,20090719,  180
  240,20090720,  130
  240,20090721,  140
  240,20090722,  120
  240,20090723,  100
  240,20090724,  160
  240,20090725,  120
  240,20090726,  110
  240,20090727,  130
  240,20090728,  110
  240,20090729,  100
  240,20090730,  170
  240,20090731,   70
  240,20090801,  100
  240,20090802,  100
  240,20090803,   80
  240,20090804,  140
  240,20090805,   70
  240,20090806,   80
  240,20090807,  100
  240,20090808,  100
  240,20090809,   70
  240,20090810,  100
  240,20090811,   90
  240,20090812,  100
  240,20090813,   90
  240,20090814,   80
  240,20090815,  140
  240,20090816,  120
  240,20090817,  110
  240,20090818,   70
  240,20090819,   90
  240,20090820,  160
  240,20090821,  130
  240,20090822,  110
  240,20090823,  110
  240,20090824,  110
  240,20090825,   90
  240,20090826,  140
  240,20090827,  120
  240,20090828,  200
  240,20090829,  140
  240,20090830,  130
  240,20090831,   90
  240,20090901,  140
  240,20090902,  140
  240,20090903,  220
  240,20090904,  190
  240,20090905,  150
  240,20090906,  120
  240,20090907,  100
  240,20090908,   80
  240,20090909,  100
  240,20090910,  130
  240,20090911,  100
  240,20090912,   90
  240,20090913,  120
  240,20090914,  150
  240,20090915,  130
  240,20090916,  150
  240,20090917,  110
  240,20090918,   70
  240,20090919,   50
  240,20090920,   80
  240,20090921,   70
  240,20090922,  130
  240,20090923,  110
  240,20090924,   90
  240,20090925,   80
  240,20090926,   50
  240,20090927,   70
  240,20090928,  100
  240,20090929,  100
  240,20090930,   90
  240,20091001,  120
  240,20091002,  120
  240,20091003,  250
  240,20091004,  150
  240,20091005,   80
  240,20091006,  140
  240,20091007,  150
  240,20091008,  100
  240,20091009,  130
  240,20091010,  120
  240,20091011,  160
  240,20091012,  170
  240,20091013,   90
  240,20091014,   80
  240,20091015,  110
  240,20091016,  200
  240,20091017,  120
  240,20091018,   80
  240,20091019,  110
  240,20091020,  120
  240,20091021,  110
  240,20091022,   80
  240,20091023,   60
  240,20091024,  120
  240,20091025,  160
  240,20091026,  150
  240,20091027,   60
  240,20091028,   70
  240,20091029,   40
  240,20091030,   80
  240,20091031,   90
  240,20091101,  160
  240,20091102,  100
  240,20091103,  170
  240,20091104,  100
  240,20091105,  130
  240,20091106,  120
  240,20091107,  150
  240,20091108,   90
  240,20091109,   80
  240,20091110,   90
  240,20091111,  100
  240,20091112,  110
  240,20091113,  150
  240,20091114,  200
  240,20091115,  150
  240,20091116,  200
  240,20091117,  130
  240,20091118,  250
  240,20091119,  140
  240,20091120,  130
  240,20091121,  120
  240,20091122,  250
  240,20091123,  240
  240,20091124,  190
  240,20091125,  190
  240,20091126,  190
  240,20091127,  180
  240,20091128,  150
  240,20091129,  140
  240,20091130,  100
  240,20091201,   70
  240,20091202,  130
  240,20091203,  110
  240,20091204,  110
  240,20091205,  120
  240,20091206,  150
  240,20091207,  110
  240,20091208,  100
  240,20091209,   90
  240,20091210,  150
  240,20091211,  120
  240,20091212,  130
  240,20091213,   90
  240,20091214,   60
  240,20091215,   50
  240,20091216,  100
  240,20091217,  120
  240,20091218,  110
  240,20091219,  130
  240,20091220,  160
  240,20091221,  110
  240,20091222,  120
  240,20091223,  110
  240,20091224,   80
  240,20091225,  160
  240,20091226,  110
  240,20091227,  160
  240,20091228,  130
  240,20091229,  100
  240,20091230,  140
  240,20091231,  160
  240,20100101,  130
  240,20100102,  120
  240,20100103,  120
  240,20100104,   90
  240,20100105,   80
  240,20100106,   80
  240,20100107,   70
  240,20100108,  120
  240,20100109,  180
  240,20100110,  150
  240,20100111,  100
  240,20100112,  120
  240,20100113,  100
  240,20100114,   60
  240,20100115,   80
  240,20100116,  130
  240,20100117,  120
  240,20100118,   90
  240,20100119,   80
  240,20100120,  100
  240,20100121,   80
  240,20100122,  100
  240,20100123,   70
  240,20100124,   50
  240,20100125,  110
  240,20100126,   80
  240,20100127,  150
  240,20100128,  140
  240,20100129,  130
  240,20100130,  150
  240,20100131,  100
  240,20100201,  120
  240,20100202,  150
  240,20100203,  120
  240,20100204,  110
  240,20100205,  100
  240,20100206,   80
  240,20100207,   80
  240,20100208,  110
  240,20100209,  110
  240,20100210,  150
  240,20100211,  150
  240,20100212,  120
  240,20100213,  110
  240,20100214,   70
  240,20100215,   70
  240,20100216,  130
  240,20100217,   70
  240,20100218,  100
  240,20100219,  170
  240,20100220,  130
  240,20100221,  110
  240,20100222,  130
  240,20100223,  120
  240,20100224,   90
  240,20100225,  130
  240,20100226,  210
  240,20100227,  170
  240,20100228,  200
  240,20100301,  160
  240,20100302,  100
  240,20100303,   80
  240,20100304,  100
  240,20100305,  140
  240,20100306,  160
  240,20100307,   90
  240,20100308,  100
  240,20100309,   70
  240,20100310,  130
  240,20100311,  120
  240,20100312,  100
  240,20100313,  130
  240,20100314,  140
  240,20100315,  140
  240,20100316,  100
  240,20100317,  110
  240,20100318,  110
  240,20100319,  200
  240,20100320,  170
  240,20100321,  120
  240,20100322,  110
  240,20100323,  110
  240,20100324,  100
  240,20100325,  160
  240,20100326,  110
  240,20100327,  100
  240,20100328,  130
  240,20100329,  110
  240,20100330,  160
  240,20100331,  210
  240,20100401,  180
  240,20100402,  150
  240,20100403,  120
  240,20100404,  110
  240,20100405,  110
  240,20100406,  120
  240,20100407,   70
  240,20100408,  100
  240,20100409,   90
  240,20100410,  120
  240,20100411,  130
  240,20100412,  140
  240,20100413,  110
  240,20100414,  120
  240,20100415,  110
  240,20100416,  100
  240,20100417,   60
  240,20100418,   90
  240,20100419,  100
  240,20100420,  150
  240,20100421,  130
  240,20100422,   90
  240,20100423,   80
  240,20100424,  100
  240,20100425,   90
  240,20100426,  110
  240,20100427,   80
  240,20100428,   80
  240,20100429,  100
  240,20100430,  130
  240,20100501,  110
  240,20100502,  130
  240,20100503,  150
  240,20100504,  110
  240,20100505,  100
  240,20100506,  130
  240,20100507,  100
  240,20100508,   50
  240,20100509,   90
  240,20100510,  100
  240,20100511,  140
  240,20100512,  100
  240,20100513,   60
  240,20100514,   90
  240,20100515,  100
  240,20100516,  100
  240,20100517,  100
  240,20100518,  100
  240,20100519,  110
  240,20100520,   80
  240,20100521,  100
  240,20100522,  110
  240,20100523,   70
  240,20100524,  100
  240,20100525,  100
  240,20100526,  110
  240,20100527,   80
  240,20100528,  120
  240,20100529,  120
  240,20100530,  210
  240,20100531,   90
  240,20100601,   80
  240,20100602,  110
  240,20100603,   90
  240,20100604,   80
  240,20100605,   70
  240,20100606,  100
  240,20100607,  120
  240,20100608,  160
  240,20100609,   70
  240,20100610,   80
  240,20100611,  130
  240,20100612,  120
  240,20100613,   70
  240,20100614,  120
  240,20100615,  120
  240,20100616,  140
  240,20100617,  120
  240,20100618,  110
  240,20100619,  140
  240,20100620,  120
  240,20100621,   90
  240,20100622,   70
  240,20100623,   80
  240,20100624,   90
  240,20100625,   80
  240,20100626,   60
  240,20100627,   80
  240,20100628,  100
  240,20100629,  110
  240,20100630,  100
  240,20100701,   80
  240,20100702,   90
  240,20100703,   80
  240,20100704,  130
  240,20100705,  110
  240,20100706,  100
  240,20100707,  110
  240,20100708,   80
  240,20100709,   90
  240,20100710,  200
  240,20100711,  100
  240,20100712,  180
  240,20100713,  110
  240,20100714,  120
  240,20100715,  170
  240,20100716,  140
  240,20100717,  130
  240,20100718,  100
  240,20100719,   80
  240,20100720,   90
  240,20100721,  120
  240,20100722,  100
  240,20100723,   90
  240,20100724,  100
  240,20100725,   90
  240,20100726,  120
  240,20100727,   80
  240,20100728,  100
  240,20100729,  120
  240,20100730,   80
  240,20100731,  110
  240,20100801,   80
  240,20100802,   80
  240,20100803,   80
  240,20100804,  120
  240,20100805,  100
  240,20100806,   90
  240,20100807,   80
  240,20100808,  100
  240,20100809,   80
  240,20100810,  140
  240,20100811,  100
  240,20100812,  100
  240,20100813,  100
  240,20100814,  100
  240,20100815,  150
  240,20100816,  110
  240,20100817,  140
  240,20100818,  150
  240,20100819,  120
  240,20100820,  110
  240,20100821,  120
  240,20100822,  110
  240,20100823,  200
  240,20100824,  210
  240,20100825,  110
  240,20100826,  130
  240,20100827,  130
  240,20100828,  130
  240,20100829,  210
  240,20100830,  230
  240,20100831,  100
  240,20100901,   60
  240,20100902,   60
  240,20100903,   80
  240,20100904,   70
  240,20100905,   90
  240,20100906,  150
  240,20100907,  130
  240,20100908,  100
  240,20100909,   80
  240,20100910,  120
  240,20100911,  120
  240,20100912,   90
  240,20100913,  130
  240,20100914,  190
  240,20100915,  180
  240,20100916,  140
  240,20100917,  140
  240,20100918,  110
  240,20100919,  160
  240,20100920,  150
  240,20100921,   50
  240,20100922,   70
  240,20100923,   60
  240,20100924,  130
  240,20100925,  150
  240,20100926,   70
  240,20100927,   60
  240,20100928,   90
  240,20100929,   80
  240,20100930,   80
  240,20101001,  140
  240,20101002,  120
  240,20101003,  140
  240,20101004,  110
  240,20101005,  110
  240,20101006,  120
  240,20101007,   90
  240,20101008,  100
  240,20101009,   80
  240,20101010,  110
  240,20101011,  110
  240,20101012,   90
  240,20101013,   50
  240,20101014,   60
  240,20101015,   70
  240,20101016,  160
  240,20101017,   80
  240,20101018,  120
  240,20101019,  140
  240,20101020,  220
  240,20101021,  170
  240,20101022,  120
  240,20101023,  160
  240,20101024,  150
  240,20101025,   90
  240,20101026,  150
  240,20101027,  130
  240,20101028,  130
  240,20101029,  120
  240,20101030,  100
  240,20101031,   90
  240,20101101,   60
  240,20101102,  170
  240,20101103,  180
  240,20101104,  210
  240,20101105,  230
  240,20101106,   90
  240,20101107,  100
  240,20101108,  130
  240,20101109,  110
  240,20101110,   80
  240,20101111,  220
  240,20101112,  250
  240,20101113,  100
  240,20101114,  200
  240,20101115,  100
  240,20101116,   40
  240,20101117,   90
  240,20101118,   50
  240,20101119,   60
  240,20101120,   70
  240,20101121,  130
  240,20101122,  120
  240,20101123,  100
  240,20101124,   90
  240,20101125,   80
  240,20101126,   70
  240,20101127,   70
  240,20101128,  110
  240,20101129,  120
  240,20101130,  170
  240,20101201,  190
  240,20101202,  110
  240,20101203,   90
  240,20101204,  140
  240,20101205,  130
  240,20101206,   50
  240,20101207,   70
  240,20101208,   90
  240,20101209,  150
  240,20101210,  120
  240,20101211,  150
  240,20101212,  170
  240,20101213,  130
  240,20101214,  110
  240,20101215,  110
  240,20101216,  160
  240,20101217,  150
  240,20101218,  100
  240,20101219,  130
  240,20101220,   50
  240,20101221,   60
  240,20101222,  130
  240,20101223,  180
  240,20101224,  160
  240,20101225,   90
  240,20101226,   70
  240,20101227,   90
  240,20101228,   70
  240,20101229,   60
  240,20101230,   40
  240,20101231,   50
  240,20110101,  100
  240,20110102,  100
  240,20110103,   60
  240,20110104,  120
  240,20110105,  120
  240,20110106,  100
  240,20110107,  100
  240,20110108,  220
  240,20110109,  130
  240,20110110,  110
  240,20110111,  140
  240,20110112,  110
  240,20110113,  170
  240,20110114,  210
  240,20110115,  170
  240,20110116,  130
  240,20110117,  170
  240,20110118,   80
  240,20110119,  100
  240,20110120,   90
  240,20110121,   70
  240,20110122,  110
  240,20110123,  110
  240,20110124,  110
  240,20110125,  140
  240,20110126,  100
  240,20110127,  110
  240,20110128,  100
  240,20110129,  130
  240,20110130,   90
  240,20110131,   60
  240,20110201,  100
  240,20110202,  130
  240,20110203,  170
  240,20110204,  240
  240,20110205,  240
  240,20110206,  240
  240,20110207,  210
  240,20110208,   90
  240,20110209,   80
  240,20110210,  100
  240,20110211,  100
  240,20110212,  120
  240,20110213,   90
  240,20110214,  100
  240,20110215,   90
  240,20110216,   80
  240,20110217,  110
  240,20110218,   90
  240,20110219,  110
  240,20110220,  110
  240,20110221,   90
  240,20110222,   80
  240,20110223,  120
  240,20110224,  100
  240,20110225,   90
  240,20110226,  150
  240,20110227,  200
  240,20110228,  110
  240,20110301,  130
  240,20110302,  140
  240,20110303,  120
  240,20110304,   90
  240,20110305,  100
  240,20110306,  100
  240,20110307,  100
  240,20110308,  110
  240,20110309,  160
  240,20110310,  210
  240,20110311,  130
  240,20110312,  100
  240,20110313,   90
  240,20110314,   80
  240,20110315,  110
  240,20110316,  140
  240,20110317,  100
  240,20110318,   80
  240,20110319,   80
  240,20110320,   70
  240,20110321,   70
  240,20110322,   70
  240,20110323,   70
  240,20110324,   70
  240,20110325,   70
  240,20110326,  100
  240,20110327,   70
  240,20110328,  100
  240,20110329,   60
  240,20110330,  120
  240,20110331,  180
  240,20110401,  160
  240,20110402,  130
  240,20110403,   70
  240,20110404,  120
  240,20110405,  170
  240,20110406,  110
  240,20110407,  120
  240,20110408,  100
  240,20110409,   80
  240,20110410,   70
  240,20110411,  170
  240,20110412,  140
  240,20110413,  100
  240,20110414,   60
  240,20110415,   80
  240,20110416,   80
  240,20110417,   60
  240,20110418,  100
  240,20110419,   80
  240,20110420,   90
  240,20110421,  100
  240,20110422,  110
  240,20110423,   90
  240,20110424,   90
  240,20110425,  100
  240,20110426,  120
  240,20110427,  120
  240,20110428,   90
  240,20110429,  150
  240,20110430,  150
  240,20110501,  160
  240,20110502,  170
  240,20110503,  130
  240,20110504,  100
  240,20110505,   80
  240,20110506,   90
  240,20110507,  110
  240,20110508,  100
  240,20110509,   80
  240,20110510,   70
  240,20110511,   90
  240,20110512,  120
  240,20110513,  110
  240,20110514,  130
  240,20110515,  120
  240,20110516,  140
  240,20110517,  100
  240,20110518,  120
  240,20110519,  120
  240,20110520,  110
  240,20110521,   70
  240,20110522,  180
  240,20110523,  150
  240,20110524,  140
  240,20110525,  100
  240,20110526,  210
  240,20110527,  130
  240,20110528,  160
  240,20110529,  180
  240,20110530,  120
  240,20110531,  100
  240,20110601,   90
  240,20110602,  110
  240,20110603,  150
  240,20110604,  150
  240,20110605,  120
  240,20110606,   80
  240,20110607,   80
  240,20110608,  130
  240,20110609,  120
  240,20110610,   90
  240,20110611,  120
  240,20110612,  100
  240,20110613,  140
  240,20110614,   80
  240,20110615,  110
  240,20110616,  140
  240,20110617,  130
  240,20110618,  180
  240,20110619,  150
  240,20110620,  100
  240,20110621,  160
  240,20110622,  160
  240,20110623,  130
  240,20110624,  130
  240,20110625,  100
  240,20110626,   80
  240,20110627,  100
  240,20110628,  150
  240,20110629,  110
  240,20110630,  120
  240,20110701,  120
  240,20110702,  110
  240,20110703,  110
  240,20110704,   80
  240,20110705,   70
  240,20110706,  140
  240,20110707,  130
  240,20110708,  140
  240,20110709,  130
  240,20110710,   90
  240,20110711,   70
  240,20110712,  160
  240,20110713,  140
  240,20110714,  210
  240,20110715,  140
  240,20110716,  150
  240,20110717,  170
  240,20110718,  160
  240,20110719,   90
  240,20110720,  100
  240,20110721,  110
  240,20110722,  130
  240,20110723,  170
  240,20110724,  170
  240,20110725,   90
  240,20110726,   80
  240,20110727,   80
  240,20110728,  120
  240,20110729,  100
  240,20110730,   80
  240,20110731,   80
  240,20110801,   80
  240,20110802,   80
  240,20110803,   80
  240,20110804,  100
  240,20110805,  100
  240,20110806,  150
  240,20110807,  170
  240,20110808,  170
  240,20110809,  160
  240,20110810,  170
  240,20110811,  160
  240,20110812,   80
  240,20110813,   80
  240,20110814,  100
  240,20110815,   90
  240,20110816,  130
  240,20110817,   80
  240,20110818,  100
  240,20110819,  100
  240,20110820,   80
  240,20110821,  120
  240,20110822,   80
  240,20110823,  130
  240,20110824,   80
  240,20110825,  100
  240,20110826,  130
  240,20110827,  130
  240,20110828,  140
  240,20110829,  130
  240,20110830,   90
  240,20110831,   80
  240,20110901,   50
  240,20110902,  100
  240,20110903,  220
  240,20110904,  150
  240,20110905,  180
  240,20110906,  210
  240,20110907,  170
  240,20110908,  150
  240,20110909,  100
  240,20110910,  110
  240,20110911,  150
  240,20110912,  250
  240,20110913,  180
  240,20110914,  150
  240,20110915,   70
  240,20110916,  100
  240,20110917,  160
  240,20110918,  120
  240,20110919,  110
  240,20110920,  130
  240,20110921,  130
  240,20110922,  130
  240,20110923,   90
  240,20110924,   60
  240,20110925,   80
  240,20110926,  110
  240,20110927,   50
  240,20110928,   60
  240,20110929,   70
  240,20110930,   60
  240,20111001,   40
  240,20111002,   70
  240,20111003,  110
  240,20111004,  130
  240,20111005,  170
  240,20111006,  200
  240,20111007,  170
  240,20111008,  140
  240,20111009,  140
  240,20111010,  190
  240,20111011,  190
  240,20111012,   90
  240,20111013,   70
  240,20111014,   80
  240,20111015,   70
  240,20111016,   70
  240,20111017,  140
  240,20111018,  170
  240,20111019,  150
  240,20111020,  120
  240,20111021,  100
  240,20111022,  100
  240,20111023,  100
  240,20111024,  160
  240,20111025,  130
  240,20111026,  110
  240,20111027,  100
  240,20111028,   60
  240,20111029,   60
  240,20111030,   80
  240,20111031,   80
  240,20111101,   90
  240,20111102,   90
  240,20111103,  100
  240,20111104,  150
  240,20111105,   70
  240,20111106,  120
  240,20111107,  130
  240,20111108,   80
  240,20111109,   60
  240,20111110,   90
  240,20111111,  120
  240,20111112,   70
  240,20111113,   60
  240,20111114,   70
  240,20111115,   70
  240,20111116,   70
  240,20111117,   70
  240,20111118,   70
  240,20111119,   40
  240,20111120,   40
  240,20111121,   40
  240,20111122,   40
  240,20111123,   80
  240,20111124,  120
  240,20111125,  160
  240,20111126,  160
  240,20111127,  220
  240,20111128,  100
  240,20111129,  180
  240,20111130,  110
  240,20111201,  140
  240,20111202,  110
  240,20111203,  200
  240,20111204,  150
  240,20111205,  210
  240,20111206,  170
  240,20111207,  250
  240,20111208,  230
  240,20111209,  210
  240,20111210,  120
  240,20111211,   90
  240,20111212,  160
  240,20111213,  230
  240,20111214,  170
  240,20111215,  190
  240,20111216,  140
  240,20111217,  130
  240,20111218,  150
  240,20111219,  120
  240,20111220,  150
  240,20111221,   70
  240,20111222,  110
  240,20111223,  190
  240,20111224,  170
  240,20111225,  170
  240,20111226,  140
  240,20111227,  140
  240,20111228,  160
  240,20111229,  210
  240,20111230,  220
  240,20111231,  110
  240,20120101,  170
  240,20120102,  140
  240,20120103,  250
  240,20120104,  230
  240,20120105,  240
  240,20120106,  190
  240,20120107,  170
  240,20120108,  140
  240,20120109,  120
  240,20120110,   80
  240,20120111,  120
  240,20120112,  200
  240,20120113,  140
  240,20120114,   70
  240,20120115,   60
  240,20120116,   40
  240,20120117,   60
  240,20120118,  120
  240,20120119,  180
  240,20120120,  180
  240,20120121,  220
  240,20120122,  230
  240,20120123,  130
  240,20120124,   70
  240,20120125,   90
  240,20120126,  130
  240,20120127,  100
  240,20120128,   50
  240,20120129,   90
  240,20120130,   70
  240,20120131,  140
  240,20120201,  170
  240,20120202,  140
  240,20120203,  110
  240,20120204,   80
  240,20120205,  100
  240,20120206,   50
  240,20120207,  130
  240,20120208,  140
  240,20120209,   90
  240,20120210,   80
  240,20120211,   70
  240,20120212,   60
  240,20120213,  100
  240,20120214,  130
  240,20120215,  180
  240,20120216,   90
  240,20120217,  100
  240,20120218,  180
  240,20120219,  140
  240,20120220,  120
  240,20120221,  130
  240,20120222,  190
  240,20120223,  170
  240,20120224,  120
  240,20120225,  100
  240,20120226,   70
  240,20120227,  120
  240,20120228,   80
  240,20120229,   90
  240,20120301,   50
  240,20120302,   90
  240,20120303,   90
  240,20120304,   90
  240,20120305,  100
  240,20120306,   70
  240,20120307,  150
  240,20120308,  110
  240,20120309,  130
  240,20120310,  120
  240,20120311,   80
  240,20120312,   80
  240,20120313,   50
  240,20120314,   40
  240,20120315,   60
  240,20120316,  110
  240,20120317,   90
  240,20120318,  110
  240,20120319,   90
  240,20120320,  110
  240,20120321,   60
  240,20120322,  100
  240,20120323,   60
  240,20120324,   90
  240,20120325,   80
  240,20120326,   90
  240,20120327,   80
  240,20120328,   80
  240,20120329,  140
  240,20120330,  130
  240,20120331,  150
  240,20120401,  100
  240,20120402,   90
  240,20120403,   70
  240,20120404,  110
  240,20120405,  100
  240,20120406,  100
  240,20120407,  110
  240,20120408,  130
  240,20120409,  150
  240,20120410,  140
  240,20120411,  120
  240,20120412,   80
  240,20120413,   60
  240,20120414,   90
  240,20120415,  140
  240,20120416,  110
  240,20120417,  180
  240,20120418,  170
  240,20120419,  150
  240,20120420,  100
  240,20120421,  150
  240,20120422,  140
  240,20120423,  120
  240,20120424,   80
  240,20120425,  150
  240,20120426,  190
  240,20120427,  140
  240,20120428,  170
  240,20120429,  170
  240,20120430,  160
  240,20120501,  120
  240,20120502,  100
  240,20120503,   80
  240,20120504,  110
  240,20120505,  110
  240,20120506,  100
  240,20120507,  100
  240,20120508,  110
  240,20120509,  140
  240,20120510,  160
  240,20120511,  160
  240,20120512,  120
  240,20120513,  100
  240,20120514,  150
  240,20120515,  140
  240,20120516,  160
  240,20120517,   80
  240,20120518,  110
  240,20120519,   80
  240,20120520,  100
  240,20120521,  100
  240,20120522,  110
  240,20120523,   70
  240,20120524,  100
  240,20120525,  140
  240,20120526,  110
  240,20120527,   90
  240,20120528,   90
  240,20120529,   70
  240,20120530,   70
  240,20120531,  140
  240,20120601,   80
  240,20120602,  100
  240,20120603,  100
  240,20120604,  140
  240,20120605,   80
  240,20120606,  130
  240,20120607,  100
  240,20120608,  230
  240,20120609,  170
  240,20120610,   80
  240,20120611,  130
  240,20120612,  100
  240,20120613,   90
  240,20120614,   70
  240,20120615,  120
  240,20120616,  170
  240,20120617,  180
  240,20120618,  100
  240,20120619,   80
  240,20120620,  110
  240,20120621,  180
  240,20120622,  220
  240,20120623,  160
  240,20120624,  230
  240,20120625,  120
  240,20120626,   70
  240,20120627,  100
  240,20120628,  120
  240,20120629,  120
  240,20120630,  140
  240,20120701,  150
  240,20120702,   90
  240,20120703,   80
  240,20120704,  100
  240,20120705,   80
  240,20120706,  120
  240,20120707,  100
  240,20120708,  120
  240,20120709,  130
  240,20120710,  120
  240,20120711,  130
  240,20120712,  150
  240,20120713,  130
  240,20120714,  160
  240,20120715,  110
  240,20120716,  150
  240,20120717,  110
  240,20120718,  150
  240,20120719,  160
  240,20120720,  100
  240,20120721,   90
  240,20120722,   60
  240,20120723,   90
  240,20120724,   60
  240,20120725,  100
  240,20120726,   90
  240,20120727,   70
  240,20120728,   80
  240,20120729,  120
  240,20120730,  140
  240,20120731,   90
  240,20120801,  130
  240,20120802,  120
  240,20120803,  170
  240,20120804,  110
  240,20120805,   80
  240,20120806,  130
  240,20120807,  150
  240,20120808,   80
  240,20120809,   90
  240,20120810,   80
  240,20120811,   80
  240,20120812,  120
  240,20120813,   70
  240,20120814,  100
  240,20120815,  210
  240,20120816,   80
  240,20120817,  110
  240,20120818,  100
  240,20120819,  100
  240,20120820,   80
  240,20120821,   80
  240,20120822,  120
  240,20120823,   80
  240,20120824,  100
  240,20120825,  170
  240,20120826,  150
  240,20120827,  100
  240,20120828,  110
  240,20120829,  120
  240,20120830,  130
  240,20120831,  160
  240,20120901,  110
  240,20120902,   90
  240,20120903,  100
  240,20120904,   90
  240,20120905,  100
  240,20120906,   80
  240,20120907,  100
  240,20120908,   60
  240,20120909,   80
  240,20120910,  130
  240,20120911,  130
  240,20120912,  150
  240,20120913,   90
  240,20120914,  170
  240,20120915,  100
  240,20120916,  120
  240,20120917,  120
  240,20120918,  170
  240,20120919,  130
  240,20120920,  110
  240,20120921,  100
  240,20120922,  110
  240,20120923,  140
  240,20120924,  230
  240,20120925,  150
  240,20120926,  120
  240,20120927,  100
  240,20120928,  140
  240,20120929,  130
  240,20120930,  130
  240,20121001,  120
  240,20121002,  120
  240,20121003,  150
  240,20121004,  140
  240,20121005,  250
  240,20121006,  100
  240,20121007,  100
  240,20121008,   80
  240,20121009,   80
  240,20121010,   40
  240,20121011,  100
  240,20121012,  150
  240,20121013,  120
  240,20121014,  110
  240,20121015,  120
  240,20121016,  180
  240,20121017,  140
  240,20121018,  110
  240,20121019,   80
  240,20121020,   90
  240,20121021,  130
  240,20121022,   50
  240,20121023,   70
  240,20121024,   90
  240,20121025,  110
  240,20121026,  110
  240,20121027,  110
  240,20121028,  120
  240,20121029,  130
  240,20121030,   70
  240,20121031,  130
  240,20121101,  160
  240,20121102,  160
  240,20121103,  160
  240,20121104,  140
  240,20121105,  100
  240,20121106,  140
  240,20121107,  130
  240,20121108,  130
  240,20121109,   80
  240,20121110,   90
  240,20121111,   90
  240,20121112,   90
  240,20121113,  100
  240,20121114,   50
  240,20121115,   60
  240,20121116,   70
  240,20121117,   90
  240,20121118,   50
  240,20121119,   90
  240,20121120,  120
  240,20121121,  200
  240,20121122,  130
  240,20121123,  130
  240,20121124,  120
  240,20121125,  230
  240,20121126,   90
  240,20121127,   80
  240,20121128,   90
  240,20121129,   90
  240,20121130,   80
  240,20121201,  130
  240,20121202,  140
  240,20121203,  130
  240,20121204,  170
  240,20121205,  190
  240,20121206,  150
  240,20121207,  160
  240,20121208,   90
  240,20121209,  200
  240,20121210,  190
  240,20121211,   90
  240,20121212,  130
  240,20121213,   60
  240,20121214,  160
  240,20121215,  140
  240,20121216,  100
  240,20121217,   80
  240,20121218,   50
  240,20121219,   90
  240,20121220,  150
  240,20121221,  110
  240,20121222,  140
  240,20121223,  200
  240,20121224,  230
  240,20121225,  210
  240,20121226,  170
  240,20121227,  160
  240,20121228,  130
  240,20121229,  180
  240,20121230,  190
  240,20121231,  190
  240,20130101,  140
  240,20130102,  130
  240,20130103,  120
  240,20130104,  100
  240,20130105,   80
  240,20130106,   80
  240,20130107,  100
  240,20130108,   90
  240,20130109,   90
  240,20130110,  110
  240,20130111,   70
  240,20130112,   80
  240,20130113,   90
  240,20130114,   90
  240,20130115,  110
  240,20130116,   70
  240,20130117,   50
  240,20130118,  110
  240,20130119,  130
  240,20130120,  150
  240,20130121,   90
  240,20130122,   70
  240,20130123,   80
  240,20130124,   70
  240,20130125,  130
  240,20130126,  120
  240,20130127,  150
  240,20130128,  200
  240,20130129,  260
  240,20130130,  240
  240,20130131,  220
  240,20130201,  140
  240,20130202,  160
  240,20130203,  190
  240,20130204,  160
  240,20130205,  230
  240,20130206,  120
  240,20130207,  170
  240,20130208,  110
  240,20130209,   80
  240,20130210,  130
  240,20130211,  130
  240,20130212,  100
  240,20130213,   80
  240,20130214,  140
  240,20130215,   80
  240,20130216,   40
  240,20130217,   60
  240,20130218,   40
  240,20130219,  100
  240,20130220,  110
  240,20130221,  110
  240,20130222,  130
  240,20130223,  140
  240,20130224,  140
  240,20130225,  140
  240,20130226,  110
  240,20130227,  130
  240,20130228,   80
  240,20130301,  100
  240,20130302,   70
  240,20130303,   70
  240,20130304,   90
  240,20130305,   90
  240,20130306,   80
  240,20130307,   80
  240,20130308,   90
  240,20130309,   90
  240,20130310,  130
  240,20130311,  180
  240,20130312,  160
  240,20130313,  100
  240,20130314,  110
  240,20130315,  130
  240,20130316,  160
  240,20130317,  140
  240,20130318,  120
  240,20130319,   90
  240,20130320,  130
  240,20130321,   80
  240,20130322,  160
  240,20130323,  190
  240,20130324,  200
  240,20130325,  170
  240,20130326,  170
  240,20130327,  120
  240,20130328,  110
  240,20130329,   80
  240,20130330,  100
  240,20130331,  100
  240,20130401,  140
  240,20130402,  150
  240,20130403,  170
  240,20130404,  140
  240,20130405,  140
  240,20130406,  110
  240,20130407,   80
  240,20130408,  110
  240,20130409,  100
  240,20130410,   80
  240,20130411,  130
  240,20130412,  150
  240,20130413,  120
  240,20130414,  140
  240,20130415,  100
  240,20130416,  170
  240,20130417,  120
  240,20130418,  240
  240,20130419,  130
  240,20130420,  140
  240,20130421,   90
  240,20130422,  120
  240,20130423,  120
  240,20130424,  120
  240,20130425,  120
  240,20130426,  100
  240,20130427,  110
  240,20130428,   80
  240,20130429,  130
  240,20130430,  110
  240,20130501,  120
  240,20130502,  130
  240,20130503,   80
  240,20130504,  170
  240,20130505,   80
  240,20130506,  100
  240,20130507,  120
  240,20130508,  140
  240,20130509,  120
  240,20130510,  180
  240,20130511,  150
  240,20130512,  130
  240,20130513,  170
  240,20130514,  120
  240,20130515,  140
  240,20130516,  130
  240,20130517,   80
  240,20130518,   90
  240,20130519,   90
  240,20130520,   50
  240,20130521,  120
  240,20130522,  160
  240,20130523,  130
  240,20130524,  130
  240,20130525,  120
  240,20130526,  130
  240,20130527,   80
  240,20130528,  120
  240,20130529,  100
  240,20130530,   70
  240,20130531,  140
  240,20130601,  110
  240,20130602,  100
  240,20130603,  120
  240,20130604,  100
  240,20130605,   90
  240,20130606,  100
  240,20130607,  110
  240,20130608,  120
  240,20130609,  110
  240,20130610,   80
  240,20130611,   70
  240,20130612,  130
  240,20130613,  210
  240,20130614,  120
  240,20130615,  210
  240,20130616,  130
  240,20130617,  110
  240,20130618,   70
  240,20130619,  130
  240,20130620,  100
  240,20130621,  150
  240,20130622,  190
  240,20130623,  170
  240,20130624,  110
  240,20130625,   90
  240,20130626,   90
  240,20130627,  110
  240,20130628,  100
  240,20130629,  110
  240,20130630,  120
  240,20130701,  120
  240,20130702,   90
  240,20130703,   90
  240,20130704,  130
  240,20130705,   70
  240,20130706,   80
  240,20130707,   80
  240,20130708,  110
  240,20130709,   90
  240,20130710,  100
  240,20130711,  100
  240,20130712,   80
  240,20130713,   80
  240,20130714,   70
  240,20130715,   80
  240,20130716,   60
  240,20130717,   70
  240,20130718,  100
  240,20130719,  130
  240,20130720,   80
  240,20130721,   80
  240,20130722,   60
  240,20130723,   70
  240,20130724,  100
  240,20130725,  110
  240,20130726,   70
  240,20130727,  110
  240,20130728,  120
  240,20130729,  150
  240,20130730,  130
  240,20130731,  120
  240,20130801,  100
  240,20130802,   90
  240,20130803,  160
  240,20130804,   70
  240,20130805,  130
  240,20130806,  120
  240,20130807,  120
  240,20130808,  100
  240,20130809,  100
  240,20130810,  150
  240,20130811,  130
  240,20130812,  110
  240,20130813,  140
  240,20130814,   70
  240,20130815,  100
  240,20130816,  120
  240,20130817,  120
  240,20130818,  130
  240,20130819,  110
  240,20130820,   70
  240,20130821,   70
  240,20130822,   70
  240,20130823,   80
  240,20130824,  100
  240,20130825,   80
  240,20130826,  120
  240,20130827,   80
  240,20130828,  100
  240,20130829,  100
  240,20130830,  100
  240,20130831,  120
  240,20130901,  130
  240,20130902,  120
  240,20130903,  100
  240,20130904,   70
  240,20130905,   90
  240,20130906,  120
  240,20130907,   70
  240,20130908,  130
  240,20130909,  110
  240,20130910,  210
  240,20130911,  130
  240,20130912,   90
  240,20130913,   90
  240,20130914,  150
  240,20130915,  160
  240,20130916,  170
  240,20130917,  140
  240,20130918,  120
  240,20130919,  120
  240,20130920,  110
  240,20130921,   80
  240,20130922,   90
  240,20130923,   90
  240,20130924,   40
  240,20130925,   50
  240,20130926,  110
  240,20130927,   90
  240,20130928,  120
  240,20130929,  130
  240,20130930,  110
  240,20131001,  110
  240,20131002,  130
  240,20131003,  110
  240,20131004,  130
  240,20131005,   80
  240,20131006,   50
  240,20131007,   70
  240,20131008,   80
  240,20131009,  160
  240,20131010,  100
  240,20131011,  100
  240,20131012,   80
  240,20131013,  200
  240,20131014,  100
  240,20131015,   80
  240,20131016,  100
  240,20131017,  200
  240,20131018,   90
  240,20131019,   90
  240,20131020,  140
  240,20131021,  100
  240,20131022,  130
  240,20131023,  210
  240,20131024,   70
  240,20131025,  110
  240,20131026,  140
  240,20131027,  240
  240,20131028,  310
  240,20131029,  170
  240,20131030,  120
  240,20131031,  140
  240,20131101,  130
  240,20131102,  150
  240,20131103,  200
  240,20131104,  140
  240,20131105,  180
  240,20131106,  200
  240,20131107,  200
  240,20131108,  100
  240,20131109,  160
  240,20131110,  140
  240,20131111,  120
  240,20131112,  120
  240,20131113,   80
  240,20131114,  120
  240,20131115,   80
  240,20131116,   70
  240,20131117,   40
  240,20131118,  110
  240,20131119,  110
  240,20131120,  150
  240,20131121,  100
  240,20131122,  100
  240,20131123,   80
  240,20131124,  120
  240,20131125,  100
  240,20131126,   70
  240,20131127,   90
  240,20131128,   80
  240,20131129,  190
  240,20131130,  130
  240,20131201,   80
  240,20131202,   50
  240,20131203,   60
  240,20131204,  110
  240,20131205,  310
  240,20131206,  230
  240,20131207,  110
  240,20131208,  170
  240,20131209,  160
  240,20131210,   70
  240,20131211,   70
  240,20131212,  100
  240,20131213,   80
  240,20131214,  140
  240,20131215,  150
  240,20131216,  150
  240,20131217,  100
  240,20131218,  130
  240,20131219,  160
  240,20131220,  140
  240,20131221,  190
  240,20131222,  180
  240,20131223,  240
  240,20131224,  310
  240,20131225,  130
  240,20131226,  100
  240,20131227,  190
  240,20131228,  110
  240,20131229,  110
  240,20131230,  160
  240,20131231,  130
  240,20140101,  170
  240,20140102,  140
  240,20140103,  230
  240,20140104,  150
  240,20140105,  140
  240,20140106,  180
  240,20140107,  180
  240,20140108,  130
  240,20140109,  240
  240,20140110,  120
  240,20140111,  130
  240,20140112,   90
  240,20140113,  140
  240,20140114,   80
  240,20140115,  120
  240,20140116,  100
  240,20140117,  130
  240,20140118,   90
  240,20140119,  110
  240,20140120,   60
  240,20140121,   60
  240,20140122,  100
  240,20140123,  110
  240,20140124,   80
  240,20140125,  180
  240,20140126,  200
  240,20140127,  150
  240,20140128,  150
  240,20140129,  130
  240,20140130,   80
  240,20140131,  160
  240,20140201,  160
  240,20140202,  120
  240,20140203,  100
  240,20140204,  120
  240,20140205,  160
  240,20140206,  160
  240,20140207,  170
  240,20140208,  180
  240,20140209,  220
  240,20140210,  110
  240,20140211,  200
  240,20140212,  210
  240,20140213,  160
  240,20140214,  170
  240,20140215,  240
  240,20140216,  150
  240,20140217,   90
  240,20140218,   80
  240,20140219,  110
  240,20140220,  130
  240,20140221,  140
  240,20140222,  120
  240,20140223,  140
  240,20140224,  120
  240,20140225,  140
  240,20140226,  100
  240,20140227,  180
  240,20140228,   80
  240,20140301,   80
  240,20140302,  130
  240,20140303,  130
  240,20140304,   70
  240,20140305,   70
  240,20140306,   90
  240,20140307,  130
  240,20140308,  110
  240,20140309,  110
  240,20140310,  130
  240,20140311,  120
  240,20140312,   70
  240,20140313,   60
  240,20140314,  140
  240,20140315,  150
  240,20140316,  130
  240,20140317,  130
  240,20140318,  180
  240,20140319,  180
  240,20140320,  160
  240,20140321,  150
  240,20140322,  130
  240,20140323,  100
  240,20140324,   80
  240,20140325,  110
  240,20140326,   90
  240,20140327,  110
  240,20140328,  100
  240,20140329,   90
  240,20140330,   60
  240,20140331,   80
  240,20140401,   70
  240,20140402,   90
  240,20140403,   80
  240,20140404,   80
  240,20140405,  110
  240,20140406,  120
  240,20140407,  160
  240,20140408,  180
  240,20140409,  130
  240,20140410,   60
  240,20140411,   80
  240,20140412,  110
  240,20140413,  140
  240,20140414,  200
  240,20140415,  120
  240,20140416,   90
  240,20140417,  140
  240,20140418,  130
  240,20140419,  140
  240,20140420,  150
  240,20140421,  100
  240,20140422,   90
  240,20140423,   80
  240,20140424,  100
  240,20140425,  100
  240,20140426,   90
  240,20140427,   60
  240,20140428,   70
  240,20140429,   70
  240,20140430,   70
  240,20140501,   80
  240,20140502,  160
  240,20140503,   90
  240,20140504,   70
  240,20140505,  100
  240,20140506,  140
  240,20140507,  170
  240,20140508,  140
  240,20140509,  240
  240,20140510,  200
  240,20140511,  200
  240,20140512,  130
  240,20140513,  100
  240,20140514,  110
  240,20140515,   80
  240,20140516,   80
  240,20140517,   70
  240,20140518,  100
  240,20140519,  100
  240,20140520,  130
  240,20140521,  180
  240,20140522,  180
  240,20140523,   80
  240,20140524,  110
  240,20140525,   70
  240,20140526,  130
  240,20140527,   80
  240,20140528,   90
  240,20140529,  100
  240,20140530,   90
  240,20140531,  100
  240,20140601,   80
  240,20140602,   90
  240,20140603,   70
  240,20140604,  110
  240,20140605,  180
  240,20140606,   80
  240,20140607,   90
  240,20140608,   80
  240,20140609,   70
  240,20140610,  160
  240,20140611,  100
  240,20140612,   90
  240,20140613,   90
  240,20140614,  110
  240,20140615,  100
  240,20140616,  130
  240,20140617,  100
  240,20140618,   90
  240,20140619,  100
  240,20140620,  110
  240,20140621,   90
  240,20140622,  100
  240,20140623,   70
  240,20140624,  100
  240,20140625,   90
  240,20140626,   80
  240,20140627,  110
  240,20140628,   90
  240,20140629,  100
  240,20140630,  100
  240,20140701,  100
  240,20140702,  110
  240,20140703,  120
  240,20140704,  140
  240,20140705,  160
  240,20140706,  170
  240,20140707,   80
  240,20140708,  110
  240,20140709,  160
  240,20140710,   70
  240,20140711,  110
  240,20140712,   90
  240,20140713,   90
  240,20140714,  100
  240,20140715,  110
  240,20140716,   80
  240,20140717,   80
  240,20140718,   90
  240,20140719,  110
  240,20140720,   80
  240,20140721,   90
  240,20140722,  120
  240,20140723,  130
  240,20140724,  130
  240,20140725,   90
  240,20140726,   70
  240,20140727,   80
  240,20140728,  120
  240,20140729,  110
  240,20140730,  100
  240,20140731,   90
  240,20140801,   90
  240,20140802,  110
  240,20140803,   90
  240,20140804,  100
  240,20140805,   80
  240,20140806,  110
  240,20140807,   70
  240,20140808,  100
  240,20140809,  170
  240,20140810,  160
  240,20140811,  180
  240,20140812,  170
  240,20140813,  120
  240,20140814,  100
  240,20140815,  130
  240,20140816,  140
  240,20140817,  160
  240,20140818,  170
  240,20140819,  150
  240,20140820,  110
  240,20140821,  120
  240,20140822,  140
  240,20140823,  120
  240,20140824,  120
  240,20140825,   80
  240,20140826,  120
  240,20140827,   70
  240,20140828,  110
  240,20140829,  140
  240,20140830,  140
  240,20140831,  130
  240,20140901,   70
  240,20140902,   80
  240,20140903,  100
  240,20140904,   70
  240,20140905,   50
  240,20140906,   80
  240,20140907,   80
  240,20140908,   70
  240,20140909,   80
  240,20140910,   80
  240,20140911,  100
  240,20140912,  110
  240,20140913,  100
  240,20140914,   90
  240,20140915,   70
  240,20140916,   60
  240,20140917,   80
  240,20140918,   70
  240,20140919,   60
  240,20140920,   90
  240,20140921,  130
  240,20140922,  150
  240,20140923,   90
  240,20140924,  110
  240,20140925,  130
  240,20140926,  130
  240,20140927,   60
  240,20140928,   50
  240,20140929,   80
  240,20140930,  100
  240,20141001,   90
  240,20141002,   50
  240,20141003,   60
  240,20141004,  130
  240,20141005,   80
  240,20141006,  100
  240,20141007,  170
  240,20141008,  130
  240,20141009,  140
  240,20141010,  110
  240,20141011,   60
  240,20141012,  100
  240,20141013,  100
  240,20141014,  120
  240,20141015,   80
  240,20141016,  110
  240,20141017,  110
  240,20141018,  120
  240,20141019,  160
  240,20141020,  150
  240,20141021,  250
  240,20141022,  210
  240,20141023,  120
  240,20141024,  110
  240,20141025,   90
  240,20141026,   90
  240,20141027,   90
  240,20141028,  110
  240,20141029,   90
  240,20141030,   80
  240,20141031,   60
  240,20141101,   70
  240,20141102,  140
  240,20141103,  140
  240,20141104,  100
  240,20141105,   50
  240,20141106,   80
  240,20141107,  160
  240,20141108,  120
  240,20141109,  100
  240,20141110,  120
  240,20141111,  100
  240,20141112,   80
  240,20141113,   80
  240,20141114,  120
  240,20141115,   70
  240,20141116,   60
  240,20141117,  100
  240,20141118,  100
  240,20141119,   60
  240,20141120,   70
  240,20141121,  100
  240,20141122,   80
  240,20141123,  110
  240,20141124,   70
  240,20141125,   90
  240,20141126,  100
  240,20141127,   80
  240,20141128,  110
  240,20141129,  110
  240,20141130,   90
  240,20141201,  100
  240,20141202,  100
  240,20141203,  130
  240,20141204,   80
  240,20141205,   80
  240,20141206,   70
  240,20141207,  130
  240,20141208,  110
  240,20141209,  160
  240,20141210,  170
  240,20141211,  220
  240,20141212,  230
  240,20141213,   70
  240,20141214,  120
  240,20141215,  140
  240,20141216,  120
  240,20141217,  140
  240,20141218,  220
  240,20141219,  230
  240,20141220,  200
  240,20141221,  210
  240,20141222,  230
  240,20141223,  210
  240,20141224,  200
  240,20141225,  160
  240,20141226,  110
  240,20141227,  180
  240,20141228,  150
  240,20141229,  110
  240,20141230,   90
  240,20141231,  100
  240,20150101,  160
  240,20150102,  190
  240,20150103,  140
  240,20150104,   90
  240,20150105,   90
  240,20150106,  100
  240,20150107,  140
  240,20150108,  130
  240,20150109,  240
  240,20150110,  270
  240,20150111,  200
  240,20150112,  220
  240,20150113,  180
  240,20150114,  170
  240,20150115,  220
  240,20150116,  180
  240,20150117,  130
  240,20150118,  100
  240,20150119,   40
  240,20150120,   60
  240,20150121,   90
  240,20150122,  100
  240,20150123,  130
  240,20150124,  130
  240,20150125,   80
  240,20150126,  130
  240,20150127,  100
  240,20150128,  230
  240,20150129,  180
  240,20150130,  130
  240,20150131,   90
  240,20150201,  130
  240,20150202,  130
  240,20150203,  100
  240,20150204,  100
  240,20150205,  110
  240,20150206,  130
  240,20150207,  120
  240,20150208,  140
  240,20150209,  100
  240,20150210,   70
  240,20150211,   60
  240,20150212,   60
  240,20150213,  110
  240,20150214,   90
  240,20150215,  100
  240,20150216,   60
  240,20150217,   90
  240,20150218,  100
  240,20150219,  150
  240,20150220,  130
  240,20150221,  110
  240,20150222,  180
  240,20150223,  180
  240,20150224,  200
  240,20150225,  110
  240,20150226,  120
  240,20150227,  110
  240,20150228,  170
  240,20150301,  240
  240,20150302,  210
  240,20150303,  170
  240,20150304,  170
  240,20150305,  100
  240,20150306,  100
  240,20150307,  120
  240,20150308,  110
  240,20150309,  110
  240,20150310,  100
  240,20150311,   70
  240,20150312,  100
  240,20150313,  100
  240,20150314,  110
  240,20150315,  110
  240,20150316,   80
  240,20150317,   70
  240,20150318,  100
  240,20150319,   70
  240,20150320,   80
  240,20150321,  150
  240,20150322,  110
  240,20150323,   80
  240,20150324,   70
  240,20150325,   90
  240,20150326,  170
  240,20150327,  160
  240,20150328,  180
  240,20150329,  320
  240,20150330,  230
  240,20150331,  280
  240,20150401,  230
  240,20150402,  170
  240,20150403,   80
  240,20150404,  110
  240,20150405,   90
  240,20150406,   60
  240,20150407,   90
  240,20150408,   70
  240,20150409,   60
  240,20150410,   70
  240,20150411,  210
  240,20150412,  180
  240,20150413,   90
  240,20150414,  150
  240,20150415,  110
  240,20150416,  100
  240,20150417,  110
  240,20150418,  100
  240,20150419,   70
  240,20150420,   90
  240,20150421,  100
  240,20150422,  100
  240,20150423,   70
  240,20150424,  110
  240,20150425,  140
  240,20150426,   80
  240,20150427,  100
  240,20150428,  150
  240,20150429,  140
  240,20150430,  140
  240,20150501,   90
  240,20150502,   90
  240,20150503,  150
  240,20150504,  140
  240,20150505,  240
  240,20150506,  240
  240,20150507,  170
  240,20150508,   80
  240,20150509,  190
  240,20150510,   90
  240,20150511,  120
  240,20150512,  160
  240,20150513,  100
  240,20150514,  110
  240,20150515,  110
  240,20150516,  120
  240,20150517,  120
  240,20150518,  210
  240,20150519,  160
  240,20150520,  120
  240,20150521,  100
  240,20150522,  100
  240,20150523,  100
  240,20150524,   90
  240,20150525,  100
  240,20150526,  130
  240,20150527,  110
  240,20150528,  150
  240,20150529,  170
  240,20150530,  140
  240,20150531,  160
  240,20150601,  140
  240,20150602,  210
  240,20150603,  150
  240,20150604,   90
  240,20150605,  120
  240,20150606,  120
  240,20150607,  110
  240,20150608,  130
  240,20150609,  110
  240,20150610,  130
  240,20150611,  120
  240,20150612,   90
  240,20150613,  160
  240,20150614,   90
  240,20150615,  110
  240,20150616,   90
  240,20150617,  150
  240,20150618,  130
  240,20150619,  130
  240,20150620,   80
  240,20150621,  120
  240,20150622,  120
  240,20150623,  130
  240,20150624,  130
  240,20150625,   80
  240,20150626,  110
  240,20150627,  110
  240,20150628,   90
  240,20150629,  100
  240,20150630,   90
  240,20150701,  110
  240,20150702,  150
  240,20150703,  100
  240,20150704,  140
  240,20150705,  170
  240,20150706,  120
  240,20150707,  180
  240,20150708,  150
  240,20150709,  130
  240,20150710,  100
  240,20150711,  100
  240,20150712,  140
  240,20150713,  120
  240,20150714,  110
  240,20150715,  110
  240,20150716,   80
  240,20150717,  180
  240,20150718,  130
  240,20150719,  130
  240,20150720,  120
  240,20150721,  140
  240,20150722,  120
  240,20150723,   90
  240,20150724,  110
  240,20150725,  280
  240,20150726,  130
  240,20150727,  200
  240,20150728,  170
  240,20150729,  180
  240,20150730,  120
  240,20150731,   60
  240,20150801,   70
  240,20150802,   80
  240,20150803,  110
  240,20150804,  140
  240,20150805,   90
  240,20150806,  130
  240,20150807,   70
  240,20150808,   90
  240,20150809,   50
  240,20150810,   90
  240,20150811,   60
  240,20150812,  110
  240,20150813,  190
  240,20150814,  100
  240,20150815,  120
  240,20150816,  100
  240,20150817,  100
  240,20150818,  110
  240,20150819,   90
  240,20150820,   90
  240,20150821,   60
  240,20150822,  100
  240,20150823,  150
  240,20150824,  170
  240,20150825,  160
  240,20150826,  210
  240,20150827,  120
  240,20150828,  110
  240,20150829,   80
  240,20150830,   80
  240,20150831,  120
  240,20150901,  110
  240,20150902,  110
  240,20150903,  100
  240,20150904,  160
  240,20150905,  150
  240,20150906,  140
  240,20150907,  100
  240,20150908,   80
  240,20150909,  100
  240,20150910,  110
  240,20150911,  100
  240,20150912,  100
  240,20150913,  120
  240,20150914,  160
  240,20150915,  170
  240,20150916,  140
  240,20150917,  120
  240,20150918,  120
  240,20150919,  100
  240,20150920,  110
  240,20150921,  100
  240,20150922,  100
  240,20150923,  120
  240,20150924,  110
  240,20150925,   90
  240,20150926,   90
  240,20150927,   90
  240,20150928,  100
  240,20150929,  120
  240,20150930,  120
  240,20151001,  120
  240,20151002,   90
  240,20151003,   50
  240,20151004,   80
  240,20151005,  100
  240,20151006,   80
  240,20151007,  100
  240,20151008,   80
  240,20151009,   90
  240,20151010,  100
  240,20151011,  100
  240,20151012,   80
  240,20151013,  150
  240,20151014,  120
  240,20151015,   70
  240,20151016,   90
  240,20151017,   60
  240,20151018,   70
  240,20151019,   70
  240,20151020,   90
  240,20151021,  110
  240,20151022,  120
  240,20151023,   80
  240,20151024,   80
  240,20151025,   70
  240,20151026,   90
  240,20151027,   70
  240,20151028,   70
  240,20151029,   80
  240,20151030,   70
  240,20151031,   70
  240,20151101,   60
  240,20151102,   50
  240,20151103,   70
  240,20151104,  100
  240,20151105,  100
  240,20151106,  180
  240,20151107,  200
  240,20151108,  170
  240,20151109,  190
  240,20151110,  180
  240,20151111,  130
  240,20151112,  110
  240,20151113,  220
  240,20151114,  200
  240,20151115,  230
  240,20151116,  180
  240,20151117,  270
  240,20151118,  270
  240,20151119,  190
  240,20151120,  170
  240,20151121,  160
  240,20151122,  130
  240,20151123,  100
  240,20151124,  150
  240,20151125,  130
  240,20151126,   90
  240,20151127,  130
  240,20151128,  190
  240,20151129,  260
  240,20151130,  220
  240,20151201,  150
  240,20151202,  120
  240,20151203,  130
  240,20151204,  150
  240,20151205,  180
  240,20151206,  170
  240,20151207,   90
  240,20151208,  120
  240,20151209,  120
  240,20151210,  170
  240,20151211,  210
  240,20151212,  240
  240,20151213,  200
  240,20151214,   80
  240,20151215,   80
  240,20151216,  140
  240,20151217,  100
  240,20151218,  120
  240,20151219,  110
  240,20151220,  140
  240,20151221,  220
  240,20151222,  200
  240,20151223,  180
  240,20151224,  160
  240,20151225,  150
  240,20151226,  190
  240,20151227,  150
  240,20151228,  110
  240,20151229,   90
  240,20151230,  140
  240,20151231,  160
  240,20160101,  100
  240,20160102,  110
  240,20160103,  140
  240,20160104,  110
  240,20160105,  100
  240,20160106,   80
  240,20160107,  220
  240,20160108,  190
  240,20160109,  120
  240,20160110,  170
  240,20160111,  100
  240,20160112,  150
  240,20160113,  150
  240,20160114,  140
  240,20160115,  110
  240,20160116,  220
  240,20160117,   90
  240,20160118,   70
  240,20160119,   70
  240,20160120,  110
  240,20160121,   80
  240,20160122,  110
  240,20160123,  100
  240,20160124,  110
  240,20160125,  160
  240,20160126,  190
  240,20160127,  200
  240,20160128,  130
  240,20160129,  210
  240,20160130,  200
  240,20160131,  170
  240,20160201,  240
  240,20160202,  190
  240,20160203,  160
  240,20160204,  140
  240,20160205,  140
  240,20160206,  140
  240,20160207,  210
  240,20160208,  280
  240,20160209,  210
  240,20160210,  140
  240,20160211,  100
  240,20160212,   80
  240,20160213,  120
  240,20160214,  130
  240,20160215,  130
  240,20160216,   70
  240,20160217,   70
  240,20160218,   90
  240,20160219,  140
  240,20160220,  220
  240,20160221,  230
  240,20160222,  220
  240,20160223,  130
  240,20160224,  110
  240,20160225,  140
  240,20160226,   80
  240,20160227,  110
  240,20160228,  130
  240,20160229,  100
  240,20160301,  140
  240,20160302,  180
  240,20160303,  100
  240,20160304,  150
  240,20160305,   90
  240,20160306,   80
  240,20160307,   70
  240,20160308,  110
  240,20160309,  150
  240,20160310,   80
  240,20160311,   80
  240,20160312,   60
  240,20160313,  100
  240,20160314,  110
  240,20160315,   90
  240,20160316,  130
  240,20160317,   90
  240,20160318,   90
  240,20160319,  100
  240,20160320,   90
  240,20160321,  110
  240,20160322,   80
  240,20160323,  100
  240,20160324,  120
  240,20160325,  130
  240,20160326,  160
  240,20160327,  250
  240,20160328,  250
  240,20160329,  170
  240,20160330,  160
  240,20160331,  100
  240,20160401,   80
  240,20160402,   90
  240,20160403,  110
  240,20160404,  140
  240,20160405,  110
  240,20160406,  200
  240,20160407,  150
  240,20160408,   80
  240,20160409,  110
  240,20160410,  110
  240,20160411,  140
  240,20160412,  120
  240,20160413,   80
  240,20160414,   70
  240,20160415,  120
  240,20160416,  170
  240,20160417,  120
  240,20160418,  140
  240,20160419,  100
  240,20160420,   90
  240,20160421,  100
  240,20160422,   90
  240,20160423,  140
  240,20160424,  190
  240,20160425,  150
  240,20160426,  200
  240,20160427,  130
  240,20160428,  120
  240,20160429,  160
  240,20160430,  100
  240,20160501,   70
  240,20160502,  120
  240,20160503,  110
  240,20160504,   80
  240,20160505,   90
  240,20160506,  110
  240,20160507,  110
  240,20160508,  130
  240,20160509,  130
  240,20160510,   80
  240,20160511,   90
  240,20160512,  140
  240,20160513,  130
  240,20160514,  170
  240,20160515,  140
  240,20160516,  100
  240,20160517,  100
  240,20160518,  130
  240,20160519,  100
  240,20160520,  110
  240,20160521,  130
  240,20160522,  110
  240,20160523,  130
  240,20160524,  120
  240,20160525,   60
  240,20160526,   70
  240,20160527,  100
  240,20160528,   90
  240,20160529,  110
  240,20160530,  180
  240,20160531,  100
  240,20160601,  130
  240,20160602,  150
  240,20160603,   90
  240,20160604,   90
  240,20160605,   90
  240,20160606,   80
  240,20160607,   90
  240,20160608,  110
  240,20160609,  110
  240,20160610,   70
  240,20160611,   60
  240,20160612,   90
  240,20160613,  100
  240,20160614,  110
  240,20160615,   80
  240,20160616,   90
  240,20160617,   80
  240,20160618,  130
  240,20160619,   90
  240,20160620,  130
  240,20160621,   70
  240,20160622,   90
  240,20160623,  140
  240,20160624,   90
  240,20160625,   80
  240,20160626,  100
  240,20160627,  110
  240,20160628,  120
  240,20160629,  140
  240,20160630,  120
  240,20160701,  140
  240,20160702,  150
  240,20160703,  110
  240,20160704,   70
  240,20160705,  170
  240,20160706,  100
  240,20160707,  120
  240,20160708,  150
  240,20160709,  140
  240,20160710,  140
  240,20160711,  210
  240,20160712,  100
  240,20160713,  120
  240,20160714,  130
  240,20160715,  110
  240,20160716,  110
  240,20160717,  100
  240,20160718,   80
  240,20160719,   70
  240,20160720,  150
  240,20160721,   90
  240,20160722,   70
  240,20160723,   70
  240,20160724,   80
  240,20160725,  110
  240,20160726,   80
  240,20160727,  130
  240,20160728,  120
  240,20160729,  140
  240,20160730,   70
  240,20160731,  110
  240,20160801,  100
  240,20160802,   90
  240,20160803,  140
  240,20160804,  150
  240,20160805,  110
  240,20160806,  110
  240,20160807,  140
  240,20160808,  140
  240,20160809,  130
  240,20160810,  120
  240,20160811,  130
  240,20160812,  120
  240,20160813,  120
  240,20160814,   80
  240,20160815,   80
  240,20160816,   80
  240,20160817,  120
  240,20160818,   80
  240,20160819,  130
  240,20160820,  130
  240,20160821,  130
  240,20160822,  140
  240,20160823,   60
  240,20160824,   80
  240,20160825,   70
  240,20160826,  110
  240,20160827,  120
  240,20160828,  160
  240,20160829,   90
  240,20160830,   60
  240,20160831,  110
  240,20160901,   90
  240,20160902,  120
  240,20160903,  110
  240,20160904,  160
  240,20160905,  110
  240,20160906,   70
  240,20160907,   60
  240,20160908,  120
  240,20160909,   80
  240,20160910,  100
  240,20160911,   80
  240,20160912,   70
  240,20160913,   80
  240,20160914,   70
  240,20160915,  130
  240,20160916,   90
  240,20160917,   60
  240,20160918,  110
  240,20160919,   40
  240,20160920,   40
  240,20160921,   80
  240,20160922,   60
  240,20160923,  110
  240,20160924,  100
  240,20160925,  130
  240,20160926,   50
  240,20160927,  100
  240,20160928,  140
  240,20160929,  160
  240,20160930,  140
  240,20161001,  100
  240,20161002,  180
  240,20161003,  100
  240,20161004,  110
  240,20161005,  130
  240,20161006,  120
  240,20161007,  100
  240,20161008,   80
  240,20161009,   90
  240,20161010,   60
  240,20161011,   90
  240,20161012,  120
  240,20161013,  120
  240,20161014,  120
  240,20161015,  100
  240,20161016,  110
  240,20161017,   80
  240,20161018,  170
  240,20161019,  160
  240,20161020,  110
  240,20161021,   80
  240,20161022,   70
  240,20161023,   60
  240,20161024,   90
  240,20161025,   80
  240,20161026,   70
  240,20161027,  120
  240,20161028,  100
  240,20161029,   70
  240,20161030,   30
  240,20161031,   30
  240,20161101,  100
  240,20161102,  150
  240,20161103,  100
  240,20161104,  120
  240,20161105,  120
  240,20161106,  130
  240,20161107,  110
  240,20161108,   70
  240,20161109,   80
  240,20161110,   80
  240,20161111,  100
  240,20161112,  100
  240,20161113,   70
  240,20161114,  100
  240,20161115,  100
  240,20161116,  150
  240,20161117,  190
  240,20161118,  160
  240,20161119,  130
  240,20161120,  270
  240,20161121,  150
  240,20161122,  150
  240,20161123,  110
  240,20161124,  150
  240,20161125,  120
  240,20161126,   60
  240,20161127,   90
  240,20161128,   90
  240,20161129,   50
  240,20161130,  100
  240,20161201,  100
  240,20161202,  100
  240,20161203,   40
  240,20161204,   70
  240,20161205,   40
  240,20161206,   60
  240,20161207,  100
  240,20161208,  130
  240,20161209,  100
  240,20161210,  140
  240,20161211,  190
  240,20161212,  100
  240,20161213,   70
  240,20161214,   50
  240,20161215,   90
  240,20161216,   60
  240,20161217,   60
  240,20161218,   70
  240,20161219,   70
  240,20161220,   80
  240,20161221,  130
  240,20161222,  110
  240,20161223,  170
  240,20161224,  180
  240,20161225,  180
  240,20161226,  180
  240,20161227,  140
  240,20161228,   60
  240,20161229,   60
  240,20161230,   60
  240,20161231,   90
  240,20170101,  100
  240,20170102,  160
  240,20170103,  140
  240,20170104,  210
  240,20170105,   80
  240,20170106,   80
  240,20170107,  110
  240,20170108,   40
  240,20170109,  120
  240,20170110,  130
  240,20170111,  200
  240,20170112,  170
  240,20170113,  210
  240,20170114,  170
  240,20170115,   60
  240,20170116,   60
  240,20170117,   50
  240,20170118,   40
  240,20170119,   70
  240,20170120,   60
  240,20170121,   90
  240,20170122,   40
  240,20170123,   60
  240,20170124,   50
  240,20170125,   70
  240,20170126,   70
  240,20170127,   90
  240,20170128,  100
  240,20170129,  110
  240,20170130,  110
  240,20170131,   90
  240,20170201,  100
  240,20170202,  110
  240,20170203,   80
  240,20170204,   80
  240,20170205,  100
  240,20170206,   60
  240,20170207,  100
  240,20170208,  110
  240,20170209,  100
  240,20170210,  100
  240,20170211,  130
  240,20170212,  120
  240,20170213,  120
  240,20170214,  100
  240,20170215,   80
  240,20170216,  100
  240,20170217,  120
  240,20170218,   60
  240,20170219,  100
  240,20170220,  140
  240,20170221,  180
  240,20170222,  200
  240,20170223,  280
  240,20170224,  140
  240,20170225,  150
  240,20170226,  150
  240,20170227,  180
  240,20170228,  150
  240,20170301,  110
  240,20170302,  230
  240,20170303,  110
  240,20170304,  110
  240,20170305,  150
  240,20170306,   90
  240,20170307,   80
  240,20170308,  150
  240,20170309,  180
  240,20170310,   60
  240,20170311,   60
  240,20170312,   70
  240,20170313,   80
  240,20170314,  110
  240,20170315,   90
  240,20170316,  100
  240,20170317,  200
  240,20170318,  230
  240,20170319,  180
  240,20170320,  220
  240,20170321,  160
  240,20170322,  120
  240,20170323,  130
  240,20170324,  130
  240,20170325,  120
  240,20170326,  120
  240,20170327,   90
  240,20170328,  120
  240,20170329,  150
  240,20170330,  110
  240,20170331,  150
  240,20170401,   70
  240,20170402,  120
  240,20170403,   50
  240,20170404,   80
  240,20170405,  110
  240,20170406,  100
  240,20170407,   90
  240,20170408,   90
  240,20170409,  140
  240,20170410,  140
  240,20170411,  110
  240,20170412,  140
  240,20170413,  100
  240,20170414,  130
  240,20170415,  140
  240,20170416,  130
  240,20170417,  170
  240,20170418,  110
  240,20170419,   90
  240,20170420,   90
  240,20170421,  100
  240,20170422,  140
  240,20170423,  100
  240,20170424,  130
  240,20170425,  170
  240,20170426,  130
  240,20170427,  120
  240,20170428,  110
  240,20170429,   60
  240,20170430,  160
  240,20170501,  110
  240,20170502,  100
  240,20170503,   90
  240,20170504,  150
  240,20170505,  130
  240,20170506,  110
  240,20170507,  100
  240,20170508,  140
  240,20170509,   90
  240,20170510,   60
  240,20170511,   90
  240,20170512,   90
  240,20170513,   90
  240,20170514,  140
  240,20170515,  100
  240,20170516,  110
  240,20170517,  100
  240,20170518,  120
  240,20170519,  150
  240,20170520,  100
  240,20170521,   80
  240,20170522,   90
  240,20170523,  110
  240,20170524,  100
  240,20170525,   80
  240,20170526,   90
  240,20170527,  140
  240,20170528,   80
  240,20170529,  180
  240,20170530,  130
  240,20170531,   90
  240,20170601,   50
  240,20170602,   90
  240,20170603,  100
  240,20170604,  120
  240,20170605,  130
  240,20170606,  240
  240,20170607,  210
  240,20170608,  130
  240,20170609,  130
  240,20170610,  100
  240,20170611,  140
  240,20170612,  150
  240,20170613,   90
  240,20170614,   70
  240,20170615,  140
  240,20170616,  120
  240,20170617,   80
  240,20170618,   60
  240,20170619,  100
  240,20170620,  110
  240,20170621,   90
  240,20170622,  160
  240,20170623,  140
  240,20170624,  140
  240,20170625,  120
  240,20170626,   80
  240,20170627,  100
  240,20170628,  100
  240,20170629,   90
  240,20170630,   90
  240,20170701,  120
  240,20170702,  100
  240,20170703,  150
  240,20170704,   80
  240,20170705,   90
  240,20170706,  110
  240,20170707,  100
  240,20170708,  100
  240,20170709,   90
  240,20170710,  110
  240,20170711,  100
  240,20170712,  150
  240,20170713,   70
  240,20170714,  150
  240,20170715,  100
  240,20170716,   80
  240,20170717,   70
  240,20170718,  100
  240,20170719,  140
  240,20170720,  160
  240,20170721,  100
  240,20170722,  130
  240,20170723,  120
  240,20170724,   80
  240,20170725,  140
  240,20170726,  130
  240,20170727,  130
  240,20170728,  170
  240,20170729,  160
  240,20170730,  160
  240,20170731,  120
  240,20170801,   80
  240,20170802,  140
  240,20170803,  220
  240,20170804,  170
  240,20170805,  140
  240,20170806,  110
  240,20170807,   80
  240,20170808,  100
  240,20170809,  120
  240,20170810,   80
  240,20170811,  100
  240,20170812,  110
  240,20170813,   70
  240,20170814,   80
  240,20170815,   70
  240,20170816,   80
  240,20170817,  110
  240,20170818,  190
  240,20170819,  140
  240,20170820,  120
  240,20170821,   60
  240,20170822,   70
  240,20170823,  100
  240,20170824,  100
  240,20170825,   50
  240,20170826,   80
  240,20170827,   60
  240,20170828,   70
  240,20170829,   80
  240,20170830,  130
  240,20170831,  110
  240,20170901,  100
  240,20170902,   90
  240,20170903,   80
  240,20170904,   80
  240,20170905,  110
  240,20170906,  150
  240,20170907,  120
  240,20170908,  140
  240,20170909,  110
  240,20170910,  170
  240,20170911,  180
  240,20170912,  140
  240,20170913,  260
  240,20170914,  180
  240,20170915,  120
  240,20170916,   80
  240,20170917,   80
  240,20170918,   80
  240,20170919,  100
  240,20170920,  100
  240,20170921,   80
  240,20170922,   90
  240,20170923,   60
  240,20170924,  100
  240,20170925,   80
  240,20170926,   80
  240,20170927,   60
  240,20170928,   70
  240,20170929,  110
  240,20170930,   90
  240,20171001,  140
  240,20171002,  150
  240,20171003,  130
  240,20171004,  150
  240,20171005,  250
  240,20171006,  170
  240,20171007,  160
  240,20171008,   90
  240,20171009,   90
  240,20171010,  120
  240,20171011,  160
  240,20171012,  140
  240,20171013,  140
  240,20171014,  100
  240,20171015,   90
  240,20171016,  110
  240,20171017,  100
  240,20171018,   70
  240,20171019,  110
  240,20171020,  160
  240,20171021,  170
  240,20171022,  160
  240,20171023,  120
  240,20171024,  140
  240,20171025,  140
  240,20171026,   90
  240,20171027,  140
  240,20171028,  200
  240,20171029,  210
  240,20171030,  100
  240,20171031,  120
  240,20171101,  110
  240,20171102,   90
  240,20171103,   60
  240,20171104,  110
  240,20171105,  120
  240,20171106,   90
  240,20171107,   50
  240,20171108,   60
  240,20171109,  110
  240,20171110,  170
  240,20171111,  120
  240,20171112,  130
  240,20171113,  150
  240,20171114,  100
  240,20171115,   70
  240,20171116,  100
  240,20171117,   90
  240,20171118,  160
  240,20171119,  180
  240,20171120,  140
  240,20171121,  140
  240,20171122,  140
  240,20171123,  220
  240,20171124,   70
  240,20171125,  120
  240,20171126,  160
  240,20171127,  160
  240,20171128,  140
  240,20171129,   70
  240,20171130,   90
  240,20171201,   80
  240,20171202,   70
  240,20171203,   80
  240,20171204,   90
  240,20171205,  120
  240,20171206,  130
  240,20171207,  180
  240,20171208,  200
  240,20171209,  170
  240,20171210,  140
  240,20171211,  150
  240,20171212,  120
  240,20171213,  170
  240,20171214,  140
  240,20171215,   90
  240,20171216,  130
  240,20171217,  120
  240,20171218,  140
  240,20171219,   80
  240,20171220,   70
  240,20171221,   80
  240,20171222,   80
  240,20171223,  140
  240,20171224,  170
  240,20171225,  160
  240,20171226,  190
  240,20171227,  140
  240,20171228,  150
  240,20171229,  170
  240,20171230,  200
  240,20171231,  230
  240,20180101,  200
  240,20180102,  140
  240,20180103,  260
  240,20180104,  220
  240,20180105,  150
  240,20180106,  110
  240,20180107,  150
  240,20180108,  130
  240,20180109,  100
  240,20180110,   70
  240,20180111,   90
  240,20180112,  100
  240,20180113,  100
  240,20180114,   90
  240,20180115,  190
  240,20180116,  200
  240,20180117,  210
  240,20180118,  340
  240,20180119,  130
  240,20180120,   90
  240,20180121,  120
  240,20180122,  110
  240,20180123,  140
  240,20180124,  210
  240,20180125,  120
  240,20180126,   60
  240,20180127,  160
  240,20180128,  170
  240,20180129,  220
  240,20180130,   90
  240,20180131,  210
  240,20180201,  140
  240,20180202,  170
  240,20180203,  110
  240,20180204,  150
  240,20180205,  110
  240,20180206,  100
  240,20180207,   40
  240,20180208,   90
  240,20180209,  130
  240,20180210,  140
  240,20180211,  180
  240,20180212,  120
  240,20180213,  140
  240,20180214,  160
  240,20180215,  140
  240,20180216,  100
  240,20180217,   50
  240,20180218,   70
  240,20180219,   60
  240,20180220,   60
  240,20180221,   80
  240,20180222,  110
  240,20180223,  130
  240,20180224,  150
  240,20180225,  130
  240,20180226,  120
  240,20180227,   90
  240,20180228,  160
  240,20180301,  190
  240,20180302,  180
  240,20180303,  100
  240,20180304,  120
  240,20180305,  130
  240,20180306,   70
  240,20180307,   80
  240,20180308,  210
  240,20180309,  100
  240,20180310,  100
  240,20180311,  100
  240,20180312,  100
  240,20180313,  110
  240,20180314,  110
  240,20180315,  140
  240,20180316,  160
  240,20180317,  190
  240,20180318,  180
  240,20180319,  150
  240,20180320,  140
  240,20180321,  100
  240,20180322,  120
  240,20180323,  130
  240,20180324,   60
  240,20180325,   80
  240,20180326,   90
  240,20180327,  100
  240,20180328,  110
  240,20180329,  100
  240,20180330,  130
  240,20180331,   60
  240,20180401,   80
  240,20180402,  120
  240,20180403,  120
  240,20180404,  140
  240,20180405,  180
  240,20180406,  140
  240,20180407,  120
  240,20180408,  100
  240,20180409,  100
  240,20180410,  100
  240,20180411,  120
  240,20180412,  130
  240,20180413,   90
  240,20180414,   80
  240,20180415,   90
  240,20180416,  120
  240,20180417,  120
  240,20180418,  100
  240,20180419,   90
  240,20180420,   80
  240,20180421,   80
